--------------------------------------------------------------------------------
CPU name:	Intel(R) Xeon(R) Gold 6148 CPU @ 2.40GHz
CPU type:	Intel Skylake SP processor
CPU stepping:	4
********************************************************************************
Hardware Thread Topology
********************************************************************************
Sockets:		2
Cores per socket:	20
Threads per core:	2
--------------------------------------------------------------------------------
HWThread	Thread		Core		Socket		Available
0		0		0		0		*
1		0		1		0		*
2		0		2		0		*
3		0		10		0		*
4		0		11		0		*
5		0		3		0		*
6		0		4		0		*
7		0		12		0		*
8		0		13		0		*
9		0		14		0		*
10		0		5		0		*
11		0		6		0		*
12		0		7		0		*
13		0		15		0		*
14		0		16		0		*
15		0		8		0		*
16		0		9		0		*
17		0		17		0		*
18		0		18		0		*
19		0		19		0		*
20		0		20		1		*
21		0		21		1		*
22		0		22		1		*
23		0		30		1		*
24		0		31		1		*
25		0		23		1		*
26		0		24		1		*
27		0		32		1		*
28		0		33		1		*
29		0		34		1		*
30		0		25		1		*
31		0		26		1		*
32		0		27		1		*
33		0		35		1		*
34		0		36		1		*
35		0		28		1		*
36		0		29		1		*
37		0		37		1		*
38		0		38		1		*
39		0		39		1		*
40		1		0		0		*
41		1		1		0		*
42		1		2		0		*
43		1		10		0		*
44		1		11		0		*
45		1		3		0		*
46		1		4		0		*
47		1		12		0		*
48		1		13		0		*
49		1		14		0		*
50		1		5		0		*
51		1		6		0		*
52		1		7		0		*
53		1		15		0		*
54		1		16		0		*
55		1		8		0		*
56		1		9		0		*
57		1		17		0		*
58		1		18		0		*
59		1		19		0		*
60		1		20		1		*
61		1		21		1		*
62		1		22		1		*
63		1		30		1		*
64		1		31		1		*
65		1		23		1		*
66		1		24		1		*
67		1		32		1		*
68		1		33		1		*
69		1		34		1		*
70		1		25		1		*
71		1		26		1		*
72		1		27		1		*
73		1		35		1		*
74		1		36		1		*
75		1		28		1		*
76		1		29		1		*
77		1		37		1		*
78		1		38		1		*
79		1		39		1		*
--------------------------------------------------------------------------------
Socket 0:		( 0 40 1 41 2 42 5 45 6 46 10 50 11 51 12 52 15 55 16 56 3 43 4 44 7 47 8 48 9 49 13 53 14 54 17 57 18 58 19 59 )
Socket 1:		( 20 60 21 61 22 62 25 65 26 66 30 70 31 71 32 72 35 75 36 76 23 63 24 64 27 67 28 68 29 69 33 73 34 74 37 77 38 78 39 79 )
--------------------------------------------------------------------------------
********************************************************************************
Cache Topology
********************************************************************************
Level:			1
Size:			32 kB
Cache groups:		( 0 40 ) ( 1 41 ) ( 2 42 ) ( 5 45 ) ( 6 46 ) ( 10 50 ) ( 11 51 ) ( 12 52 ) ( 15 55 ) ( 16 56 ) ( 3 43 ) ( 4 44 ) ( 7 47 ) ( 8 48 ) ( 9 49 ) ( 13 53 ) ( 14 54 ) ( 17 57 ) ( 18 58 ) ( 19 59 ) ( 20 60 ) ( 21 61 ) ( 22 62 ) ( 25 65 ) ( 26 66 ) ( 30 70 ) ( 31 71 ) ( 32 72 ) ( 35 75 ) ( 36 76 ) ( 23 63 ) ( 24 64 ) ( 27 67 ) ( 28 68 ) ( 29 69 ) ( 33 73 ) ( 34 74 ) ( 37 77 ) ( 38 78 ) ( 39 79 )
--------------------------------------------------------------------------------
Level:			2
Size:			1 MB
Cache groups:		( 0 40 ) ( 1 41 ) ( 2 42 ) ( 5 45 ) ( 6 46 ) ( 10 50 ) ( 11 51 ) ( 12 52 ) ( 15 55 ) ( 16 56 ) ( 3 43 ) ( 4 44 ) ( 7 47 ) ( 8 48 ) ( 9 49 ) ( 13 53 ) ( 14 54 ) ( 17 57 ) ( 18 58 ) ( 19 59 ) ( 20 60 ) ( 21 61 ) ( 22 62 ) ( 25 65 ) ( 26 66 ) ( 30 70 ) ( 31 71 ) ( 32 72 ) ( 35 75 ) ( 36 76 ) ( 23 63 ) ( 24 64 ) ( 27 67 ) ( 28 68 ) ( 29 69 ) ( 33 73 ) ( 34 74 ) ( 37 77 ) ( 38 78 ) ( 39 79 )
--------------------------------------------------------------------------------
Level:			3
Size:			28 MB
Cache groups:		( 0 40 1 41 2 42 5 45 6 46 10 50 11 51 12 52 15 55 16 56 3 43 4 44 7 47 8 48 9 49 13 53 14 54 17 57 18 58 19 59 ) ( 20 60 21 61 22 62 25 65 26 66 30 70 31 71 32 72 35 75 36 76 23 63 24 64 27 67 28 68 29 69 33 73 34 74 37 77 38 78 39 79 )
--------------------------------------------------------------------------------
********************************************************************************
NUMA Topology
********************************************************************************
NUMA domains:		4
--------------------------------------------------------------------------------
Domain:			0
Processors:		( 0 40 1 41 2 42 5 45 6 46 10 50 11 51 12 52 15 55 16 56 )
Distances:		10 11 21 21
Free memory:		22330.5 MB
Total memory:		22753.7 MB
--------------------------------------------------------------------------------
Domain:			1
Processors:		( 3 43 4 44 7 47 8 48 9 49 13 53 14 54 17 57 18 58 19 59 )
Distances:		11 10 21 21
Free memory:		23753.2 MB
Total memory:		24177 MB
--------------------------------------------------------------------------------
Domain:			2
Processors:		( 20 60 21 61 22 62 25 65 26 66 30 70 31 71 32 72 35 75 36 76 )
Distances:		21 21 10 11
Free memory:		23671.8 MB
Total memory:		24177 MB
--------------------------------------------------------------------------------
Domain:			3
Processors:		( 23 63 24 64 27 67 28 68 29 69 33 73 34 74 37 77 38 78 39 79 )
Distances:		21 21 11 10
Free memory:		23842.5 MB
Total memory:		24174.6 MB
--------------------------------------------------------------------------------
